image: localization_map_lab.pgm
resolution: 0.050000
origin: [-4.089723, -2.378757, 0.000000]
negate: 0
occupied_thresh: 0.65
free_thresh: 0.196

