image: scott_hall_plus3.pgm
resolution: 0.050000
origin: [-10.740029, -8.063213, 0.000000]
negate: 0
occupied_thresh: 0.65
free_thresh: 0.196

