image: scott_test_PR4.pgm
resolution: 0.050000
origin: [-1.537889, -11.925726, 0.000000]
negate: 0
occupied_thresh: 0.65
free_thresh: 0.196

