image: scott_hall_ultra.pgm
resolution: 0.050000
origin: [-10.743541, -8.061332, 0.000000]
negate: 0
occupied_thresh: 0.65
free_thresh: 0.196

